,SEASON_ID_x,Player_ID,Game_ID,GAME_DATE_x,MATCHUP_x,WL_x,MIN_x,FGM_x,FGA_x,FG_PCT_x,FG3M_x,FG3A_x,FG3_PCT_x,FTM_x,FTA_x,FT_PCT_x,OREB_x,DREB_x,REB_x,AST_x,STL_x,BLK_x,TOV_x,PF_x,PTS_x,PLUS_MINUS_x,VIDEO_AVAILABLE,PTS/48,SEASON_ID_y,TEAM_ID,TEAM_ABBREVIATION,TEAM_NAME,GAME_ID,GAME_DATE_y,MATCHUP_y,WL_y,MIN_y,PTS_y,FGM_y,FGA_y,FG_PCT_y,FG3M_y,FG3A_y,FG3_PCT_y,FTM_y,FTA_y,FT_PCT_y,OREB_y,DREB_y,REB_y,AST_y,STL_y,BLK_y,TOV_y,PF_y,PLUS_MINUS_y
0,22018,101108,0021801218,"APR 09, 2019",HOU @ OKC,L,34,9,15,0.6,5,9,0.556,1,1,1.0,1,7,8,6,1,0,1,2,24,1,1,20.0,22018,1610612745,HOU,Houston Rockets,0021801218,2019-04-09,HOU @ OKC,L,239,111,38,88,0.432,18,53,0.34,17,20,0.85,9,33,42,18,7,7,11,21,-1.0
1,22018,101108,0021801200,"APR 07, 2019",HOU vs. PHX,W,26,2,8,0.25,2,5,0.4,0,0,0.0,0,3,3,9,5,0,2,1,6,30,1,37.62162162162162,22018,1610612745,HOU,Houston Rockets,0021801200,2019-04-07,HOU vs. PHX,W,240,149,53,100,0.53,27,57,0.474,16,21,0.762,12,40,52,34,12,5,9,16,36.0
2,22018,101108,0021801184,"APR 05, 2019",HOU vs. NYK,W,24,4,9,0.444,3,6,0.5,0,0,0.0,0,3,3,10,1,0,1,1,11,34,1,34.10526315789474,22018,1610612745,HOU,Houston Rockets,0021801184,2019-04-05,HOU vs. NYK,W,241,120,43,101,0.426,22,59,0.373,12,17,0.706,7,41,48,26,8,2,6,21,24.0
3,22018,101108,0021801176,"APR 03, 2019",HOU @ LAC,W,27,10,19,0.526,5,8,0.625,4,4,1.0,1,3,4,7,2,1,3,3,29,23,1,26.057142857142857,22018,1610612745,HOU,Houston Rockets,0021801176,2019-04-03,HOU @ LAC,W,239,135,47,88,0.534,18,38,0.474,23,29,0.793,12,36,48,22,6,7,16,29,32.0
4,22018,101108,0021801163,"APR 02, 2019",HOU @ SAC,W,28,3,12,0.25,1,7,0.143,0,1,0.0,0,5,5,12,2,1,2,2,7,6,1,25.945945945945947,22018,1610612745,HOU,Houston Rockets,0021801163,2019-04-02,HOU @ SAC,W,241,130,46,94,0.489,26,61,0.426,12,17,0.706,8,35,43,30,8,3,7,20,25.0
5,22018,101108,0021801138,"MAR 30, 2019",HOU vs. SAC,W,30,8,16,0.5,3,8,0.375,3,4,0.75,0,2,2,5,4,0,0,2,22,13,1,31.578947368421055,22018,1610612745,HOU,Houston Rockets,0021801138,2019-03-30,HOU vs. SAC,W,239,119,39,83,0.47,17,52,0.327,24,27,0.889,6,32,38,19,6,2,9,17,11.0
6,22018,101108,0021801126,"MAR 28, 2019",HOU vs. DEN,W,30,3,10,0.3,0,3,0.0,3,3,1.0,0,4,4,8,1,0,3,2,9,14,1,36.0,22018,1610612745,HOU,Houston Rockets,0021801126,2019-03-28,HOU vs. DEN,W,239,112,40,87,0.46,15,40,0.375,17,20,0.85,11,35,46,22,8,3,10,19,27.0
7,22018,101108,0021801111,"MAR 26, 2019",HOU @ MIL,L,32,7,18,0.389,4,9,0.444,1,1,1.0,3,6,9,4,0,0,2,1,19,-10,1,22.054054054054056,22018,1610612745,HOU,Houston Rockets,0021801111,2019-03-26,HOU @ MIL,L,241,94,36,99,0.364,16,52,0.308,6,7,0.857,8,38,46,17,7,5,13,15,-14.0
8,22018,101108,0021801099,"MAR 24, 2019",HOU @ NOP,W,27,4,12,0.333,1,7,0.143,1,1,1.0,1,2,3,13,5,0,3,2,10,20,1,20.756756756756758,22018,1610612745,HOU,Houston Rockets,0021801099,2019-03-24,HOU @ NOP,W,240,113,42,86,0.488,21,49,0.429,8,9,0.889,13,37,50,24,10,5,17,16,23.0
9,22018,101108,0021801084,"MAR 22, 2019",HOU vs. SAS,W,34,7,15,0.467,0,3,0.0,4,4,1.0,0,3,3,5,1,1,2,2,18,-4,1,23.351351351351354,22018,1610612745,HOU,Houston Rockets,0021801084,2019-03-22,HOU vs. SAS,W,239,111,36,86,0.419,14,37,0.378,25,32,0.781,8,40,48,12,5,4,9,19,6.0
10,22018,101108,0021801070,"MAR 20, 2019",HOU @ MEM,L,41,6,17,0.353,2,9,0.222,4,4,1.0,2,5,7,7,1,0,2,5,18,-1,1,45.81818181818182,22018,1610612745,HOU,Houston Rockets,0021801070,2019-03-20,HOU @ MEM,L,266,125,42,94,0.447,21,48,0.438,20,20,1.0,11,28,39,19,10,4,12,27,-1.0
11,22018,101108,0021801060,"MAR 19, 2019",HOU @ ATL,W,29,4,10,0.4,2,6,0.333,3,4,0.75,0,1,1,11,3,0,1,1,13,10,1,10.5,22018,1610612745,HOU,Houston Rockets,0021801060,2019-03-19,HOU @ ATL,W,241,121,40,78,0.513,19,47,0.404,22,30,0.733,6,31,37,28,13,2,14,17,16.0
12,22018,101108,0021801048,"MAR 17, 2019",HOU vs. MIN,W,29,8,12,0.667,6,7,0.857,3,3,1.0,0,7,7,10,1,0,1,2,25,26,2,24.0,22018,1610612745,HOU,Houston Rockets,0021801048,2019-03-17,HOU vs. MIN,W,241,117,43,94,0.457,21,50,0.42,10,14,0.714,10,34,44,29,9,3,9,25,15.0
13,22018,101108,0021801018,"MAR 13, 2019",HOU vs. GSW,L,33,7,12,0.583,2,6,0.333,8,8,1.0,2,4,6,3,0,0,3,4,24,-1,1,41.333333333333336,22018,1610612745,HOU,Houston Rockets,0021801018,2019-03-13,HOU vs. GSW,L,238,104,37,78,0.474,11,41,0.268,19,23,0.826,5,26,31,18,7,3,10,16,-2.0
14,22018,101108,0021801004,"MAR 11, 2019",HOU vs. CHA,W,29,3,8,0.375,2,4,0.5,2,2,1.0,2,8,10,4,0,1,3,1,10,3,1,29.83783783783784,22018,1610612745,HOU,Houston Rockets,0021801004,2019-03-11,HOU vs. CHA,W,238,118,38,91,0.418,17,43,0.395,25,27,0.926,12,43,55,25,7,4,14,17,12.0
15,22018,101108,0021800997,"MAR 10, 2019",HOU @ DAL,W,33,2,11,0.182,2,8,0.25,3,4,0.75,0,3,3,9,2,2,3,2,9,3,1,48.0,22018,1610612745,HOU,Houston Rockets,0021800997,2019-03-10,HOU @ DAL,W,240,94,32,88,0.364,16,52,0.308,14,22,0.636,13,28,41,18,6,4,12,20,1.0
16,22018,101108,0021800981,"MAR 08, 2019",HOU vs. PHI,W,28,2,8,0.25,0,3,0.0,0,0,0.0,0,3,3,8,2,0,3,2,4,7,1,44.400000000000006,22018,1610612745,HOU,Houston Rockets,0021800981,2019-03-08,HOU vs. PHI,W,239,107,42,85,0.494,13,41,0.317,10,15,0.667,7,36,43,22,13,0,17,18,16.0
17,22018,101108,0021800961,"MAR 05, 2019",HOU @ TOR,W,31,1,10,0.1,0,3,0.0,3,3,1.0,0,6,6,10,2,1,2,3,5,13,1,48.0,22018,1610612745,HOU,Houston Rockets,0021800961,2019-03-05,HOU @ TOR,W,240,107,38,85,0.447,15,34,0.441,16,18,0.889,9,34,43,22,11,6,9,23,12.0
18,22018,101108,0021800945,"MAR 03, 2019",HOU @ BOS,W,34,4,10,0.4,3,8,0.375,4,5,0.8,1,5,6,12,3,1,5,4,15,1,1,29.333333333333336,22018,1610612745,HOU,Houston Rockets,0021800945,2019-03-03,HOU @ BOS,W,239,115,38,80,0.475,21,51,0.412,18,29,0.621,10,32,42,22,8,4,12,23,11.0
19,22018,101108,0021800925,"FEB 28, 2019",HOU vs. MIA,W,34,4,12,0.333,1,6,0.167,5,5,1.0,2,4,6,4,1,0,3,3,14,-6,1,26.823529411764707,22018,1610612745,HOU,Houston Rockets,0021800925,2019-02-28,HOU vs. MIA,W,240,121,38,77,0.494,19,46,0.413,26,28,0.929,8,28,36,22,6,5,15,21,3.0
20,22018,101108,0021800911,"FEB 27, 2019",HOU @ CHA,W,32,7,13,0.538,2,6,0.333,1,2,0.5,0,4,4,10,2,0,6,2,17,17,1,29.05263157894737,22018,1610612745,HOU,Houston Rockets,0021800911,2019-02-27,HOU @ CHA,W,240,118,42,91,0.462,13,39,0.333,21,24,0.875,7,30,37,23,11,3,10,22,5.0
21,22018,101108,0021800903,"FEB 25, 2019",HOU vs. ATL,W,35,5,10,0.5,3,8,0.375,7,7,1.0,0,6,6,8,1,0,1,5,20,14,1,29.333333333333336,22018,1610612745,HOU,Houston Rockets,0021800903,2019-02-25,HOU vs. ATL,W,240,119,39,90,0.433,15,51,0.294,26,30,0.867,12,25,37,24,11,4,12,18,8.0
22,22018,101108,0021800892,"FEB 23, 2019",HOU @ GSW,W,36,7,18,0.389,4,9,0.444,5,5,1.0,1,4,5,17,2,0,5,2,23,-1,1,56.22857142857143,22018,1610612745,HOU,Houston Rockets,0021800892,2019-02-23,HOU @ GSW,W,240,118,40,92,0.435,16,43,0.372,22,24,0.917,12,37,49,26,13,7,14,23,6.0
23,22018,101108,0021800872,"FEB 21, 2019",HOU @ LAL,L,34,9,15,0.6,3,5,0.6,2,2,1.0,1,9,10,9,1,1,1,6,23,6,1,48.0,22018,1610612745,HOU,Houston Rockets,0021800872,2019-02-21,HOU @ LAL,L,241,106,40,88,0.455,12,41,0.293,14,15,0.933,4,35,39,18,8,5,14,28,-5.0
24,22018,101108,0021800861,"FEB 13, 2019",HOU @ MIN,L,35,4,13,0.308,2,8,0.25,6,7,0.857,0,5,5,8,1,0,0,3,16,4,1,54.15384615384615,22018,1610612745,HOU,Houston Rockets,0021800861,2019-02-13,HOU @ MIN,L,240,111,40,98,0.408,19,53,0.358,12,13,0.923,13,24,37,23,5,2,9,18,-10.0
25,22018,101108,0021800844,"FEB 11, 2019",HOU vs. DAL,W,29,5,12,0.417,5,10,0.5,2,2,1.0,1,1,2,11,2,0,0,4,17,21,1,27.243243243243242,22018,1610612745,HOU,Houston Rockets,0021800844,2019-02-11,HOU vs. DAL,W,241,120,42,90,0.467,23,60,0.383,13,15,0.867,9,29,38,28,13,5,9,26,16.0
26,22018,101108,0021800832,"FEB 09, 2019",HOU vs. OKC,L,35,5,12,0.417,2,5,0.4,6,7,0.857,1,9,10,9,2,0,2,4,18,10,1,26.526315789473685,22018,1610612745,HOU,Houston Rockets,0021800832,2019-02-09,HOU vs. OKC,L,240,112,37,86,0.43,16,45,0.356,22,30,0.733,7,32,39,18,10,7,12,26,-5.0
27,22018,101108,0021800809,"FEB 06, 2019",HOU @ SAC,W,30,4,13,0.308,1,8,0.125,6,6,1.0,0,2,2,11,2,1,3,2,15,17,1,21.818181818181817,22018,1610612745,HOU,Houston Rockets,0021800809,2019-02-06,HOU @ SAC,W,241,127,45,100,0.45,20,51,0.392,17,18,0.944,13,29,42,17,13,7,11,19,26.0
28,22018,101108,0021800794,"FEB 04, 2019",HOU @ PHX,W,33,5,10,0.5,2,4,0.5,6,7,0.857,0,5,5,4,5,0,6,0,18,5,1,21.333333333333332,22018,1610612745,HOU,Houston Rockets,0021800794,2019-02-04,HOU @ PHX,W,239,118,43,87,0.494,13,41,0.317,19,25,0.76,12,31,43,19,13,2,12,19,8.0
29,22018,101108,0021800774,"FEB 01, 2019",HOU @ DEN,L,29,8,13,0.615,3,7,0.429,1,1,1.0,0,3,3,6,0,0,1,0,20,-9,1,28.54054054054054,22018,1610612745,HOU,Houston Rockets,0021800774,2019-02-01,HOU @ DEN,L,241,122,45,85,0.529,16,44,0.364,16,21,0.762,11,19,30,23,6,3,10,24,-14.0
30,22018,101108,0021800753,"JAN 29, 2019",HOU vs. NOP,L,26,4,9,0.444,1,5,0.2,1,2,0.5,1,3,4,9,2,0,2,4,10,11,1,21.0,22018,1610612745,HOU,Houston Rockets,0021800753,2019-01-29,HOU vs. NOP,L,239,116,40,101,0.396,19,56,0.339,17,24,0.708,15,30,45,22,11,5,12,20,-5.0
31,22018,101108,0021800737,"JAN 27, 2019",HOU vs. ORL,W,25,4,8,0.5,2,5,0.4,2,2,1.0,0,5,5,6,3,0,3,1,12,-2,1,29.05263157894737,22018,1610612745,HOU,Houston Rockets,0021800737,2019-01-27,HOU vs. ORL,W,240,103,38,80,0.475,12,36,0.333,15,21,0.714,3,36,39,20,8,7,13,19,5.0
32,22018,101108,0021800467,"DEC 20, 2018",HOU @ MIA,L,12,1,3,0.333,0,2,0.0,2,2,1.0,0,1,1,4,0,0,2,2,4,-3,1,17.333333333333332,22018,1610612745,HOU,Houston Rockets,0021800467,2018-12-20,HOU @ MIA,L,240,99,29,82,0.354,18,54,0.333,23,30,0.767,8,33,41,20,6,3,8,23,-2.0
33,22018,101108,0021800461,"DEC 19, 2018",HOU vs. WAS,W,28,7,11,0.636,5,9,0.556,2,2,1.0,0,2,2,8,2,1,3,2,21,10,1,29.83783783783784,22018,1610612745,HOU,Houston Rockets,0021800461,2018-12-19,HOU vs. WAS,W,239,136,47,85,0.553,26,55,0.473,16,21,0.762,8,33,41,30,8,2,15,21,18.0
34,22018,101108,0021800445,"DEC 17, 2018",HOU vs. UTA,W,37,3,10,0.3,1,4,0.25,4,4,1.0,1,2,3,9,4,0,3,5,11,-3,1,37.62162162162162,22018,1610612745,HOU,Houston Rockets,0021800445,2018-12-17,HOU vs. UTA,W,241,102,32,86,0.372,12,37,0.324,26,31,0.839,9,30,39,16,13,7,17,24,5.0
35,22018,101108,0021800432,"DEC 15, 2018",HOU @ MEM,W,36,3,10,0.3,2,7,0.286,2,2,1.0,0,1,1,10,2,0,2,1,10,0,1,28.137931034482754,22018,1610612745,HOU,Houston Rockets,0021800432,2018-12-15,HOU @ MEM,W,240,105,35,73,0.479,13,37,0.351,22,25,0.88,6,30,36,23,5,2,12,22,8.0
36,22018,101108,0021800416,"DEC 13, 2018",HOU vs. LAL,W,37,3,10,0.3,3,4,0.75,5,6,0.833,1,0,1,9,3,0,2,3,14,8,1,27.243243243243242,22018,1610612745,HOU,Houston Rockets,0021800416,2018-12-13,HOU vs. LAL,W,239,126,42,85,0.494,15,34,0.441,27,32,0.844,15,28,43,24,8,2,13,24,15.0
37,22018,101108,0021800402,"DEC 11, 2018",HOU vs. POR,W,34,2,12,0.167,0,4,0.0,7,8,0.875,3,8,11,10,3,1,1,3,11,8,1,29.023255813953487,22018,1610612745,HOU,Houston Rockets,0021800402,2018-12-11,HOU vs. POR,W,240,111,42,85,0.494,9,29,0.31,18,27,0.667,12,30,42,22,9,5,7,21,7.0
38,22018,101108,0021800378,"DEC 08, 2018",HOU @ DAL,L,38,10,20,0.5,3,7,0.429,0,2,0.0,0,2,2,8,1,0,2,2,23,-3,1,41.333333333333336,22018,1610612745,HOU,Houston Rockets,0021800378,2018-12-08,HOU @ DAL,L,240,104,39,86,0.453,15,47,0.319,11,13,0.846,10,26,36,20,5,3,12,19,-3.0
39,22018,101108,0021800367,"DEC 06, 2018",HOU @ UTA,L,25,5,11,0.455,0,2,0.0,2,3,0.667,0,1,1,5,0,0,5,3,12,-13,1,34.90909090909091,22018,1610612745,HOU,Houston Rockets,0021800367,2018-12-06,HOU @ UTA,L,239,91,34,88,0.386,8,36,0.222,15,17,0.882,14,29,43,13,5,5,23,26,-27.0
40,22018,101108,0021800348,"DEC 03, 2018",HOU @ MIN,L,36,1,8,0.125,1,7,0.143,2,2,1.0,0,3,3,7,3,0,5,3,5,-12,1,23.04,22018,1610612745,HOU,Houston Rockets,0021800348,2018-12-03,HOU @ MIN,L,240,91,32,74,0.432,11,39,0.282,16,19,0.842,7,27,34,24,9,6,20,27,-12.0
41,22018,101108,0021800334,"DEC 01, 2018",HOU vs. CHI,W,31,4,11,0.364,2,7,0.286,2,2,1.0,1,2,3,13,2,1,4,1,12,14,1,30.769230769230774,22018,1610612745,HOU,Houston Rockets,0021800334,2018-12-01,HOU vs. CHI,W,239,121,42,84,0.5,16,41,0.39,21,30,0.7,6,41,47,23,8,7,14,21,16.0
42,22018,101108,0021800326,"NOV 30, 2018",HOU @ SAS,W,28,5,13,0.385,2,7,0.286,2,2,1.0,1,4,5,10,1,0,0,1,14,28,1,28.54054054054054,22018,1610612745,HOU,Houston Rockets,0021800326,2018-11-30,HOU @ SAS,W,240,136,49,98,0.5,22,54,0.407,16,20,0.8,13,36,49,32,9,6,5,22,31.0
43,22018,101108,0021800267,"NOV 23, 2018",HOU @ DET,L,37,7,16,0.438,2,6,0.333,4,4,1.0,1,3,4,9,0,0,2,5,20,-13,1,40.21621621621622,22018,1610612745,HOU,Houston Rockets,0021800267,2018-11-23,HOU @ DET,L,264,111,41,98,0.418,10,36,0.278,19,21,0.905,17,27,44,22,6,7,14,26,-5.0
44,22018,101108,0021800258,"NOV 21, 2018",HOU vs. DET,W,35,8,16,0.5,1,6,0.167,3,4,0.75,0,2,2,7,1,0,3,3,20,-9,1,18.666666666666668,22018,1610612745,HOU,Houston Rockets,0021800258,2018-11-21,HOU vs. DET,W,240,126,40,72,0.556,13,33,0.394,33,36,0.917,5,31,36,18,8,7,15,25,2.0
45,22018,101108,0021800231,"NOV 17, 2018",HOU vs. SAC,W,33,7,9,0.778,6,8,0.75,4,5,0.8,0,4,4,9,1,0,8,4,24,19,1,43.885714285714286,22018,1610612745,HOU,Houston Rockets,0021800231,2018-11-17,HOU vs. SAC,W,240,132,46,81,0.568,20,47,0.426,20,24,0.833,6,35,41,27,9,10,22,20,20.0
46,22018,101108,0021800213,"NOV 15, 2018",HOU vs. GSW,W,28,4,10,0.4,2,4,0.5,0,0,0.0,0,5,5,7,3,2,2,1,10,20,1,11.368421052631579,22018,1610612745,HOU,Houston Rockets,0021800213,2018-11-15,HOU vs. GSW,W,242,107,35,87,0.402,16,47,0.34,21,26,0.808,14,27,41,20,8,4,5,21,21.0
47,22018,101108,0021800200,"NOV 13, 2018",HOU @ DEN,W,32,7,12,0.583,3,7,0.429,4,5,0.8,0,5,5,4,2,0,3,0,21,6,1,49.230769230769226,22018,1610612745,HOU,Houston Rockets,0021800200,2018-11-13,HOU @ DEN,W,240,109,39,71,0.549,13,37,0.351,18,26,0.692,6,26,32,23,7,6,14,20,10.0
48,22018,101108,0021800185,"NOV 11, 2018",HOU vs. IND,W,35,8,13,0.615,5,8,0.625,5,7,0.714,0,5,5,5,3,0,2,3,26,7,1,26.526315789473685,22018,1610612745,HOU,Houston Rockets,0021800185,2018-11-11,HOU vs. IND,W,241,115,36,74,0.486,20,47,0.426,23,32,0.719,8,30,38,18,6,5,15,22,12.0
49,22018,101108,0021800180,"NOV 10, 2018",HOU @ SAS,L,40,4,13,0.308,2,3,0.667,3,4,0.75,0,4,4,4,3,1,1,4,13,-12,1,30.666666666666664,22018,1610612745,HOU,Houston Rockets,0021800180,2018-11-10,HOU @ SAS,L,241,89,30,90,0.333,9,41,0.22,20,29,0.69,15,34,49,11,10,5,8,24,-7.0
50,22018,101108,0021800163,"NOV 08, 2018",HOU @ OKC,L,36,4,11,0.364,0,4,0.0,2,2,1.0,0,2,2,5,6,0,5,3,10,-7,1,10.971428571428572,22018,1610612745,HOU,Houston Rockets,0021800163,2018-11-08,HOU @ OKC,L,240,80,31,82,0.378,11,42,0.262,7,10,0.7,12,27,39,16,9,3,16,26,-18.0
51,22018,101108,0021800141,"NOV 05, 2018",HOU @ IND,W,38,4,12,0.333,0,6,0.0,1,2,0.5,1,4,5,13,1,0,5,2,9,8,1,26.057142857142857,22018,1610612745,HOU,Houston Rockets,0021800141,2018-11-05,HOU @ IND,W,241,98,34,76,0.447,15,47,0.319,15,16,0.938,5,34,39,23,9,6,16,24,4.0
52,22018,101108,0021800129,"NOV 03, 2018",HOU @ CHI,W,35,3,11,0.273,0,3,0.0,1,3,0.333,0,6,6,8,4,0,4,1,7,0,1,19.5,22018,1610612745,HOU,Houston Rockets,0021800129,2018-11-03,HOU @ CHI,W,239,96,35,83,0.422,13,42,0.31,13,20,0.65,10,35,45,21,13,5,18,22,8.0
53,22018,101108,0021800118,"NOV 02, 2018",HOU @ BKN,W,37,13,27,0.481,5,12,0.417,1,1,1.0,3,4,7,11,2,2,2,4,32,20,1,17.333333333333332,22018,1610612745,HOU,Houston Rockets,0021800118,2018-11-02,HOU @ BKN,W,241,119,41,83,0.494,15,39,0.385,22,32,0.688,11,30,41,22,4,10,9,21,8.0
54,22018,101108,0021800101,"OCT 30, 2018",HOU vs. POR,L,37,6,19,0.316,2,8,0.25,3,4,0.75,1,4,5,9,2,0,2,4,17,-18,1,17.333333333333332,22018,1610612745,HOU,Houston Rockets,0021800101,2018-10-30,HOU vs. POR,L,239,85,31,96,0.323,10,43,0.233,13,23,0.565,20,29,49,18,7,9,11,25,-19.0
55,22018,101108,0021800070,"OCT 26, 2018",HOU vs. LAC,L,34,3,13,0.231,0,2,0.0,6,6,1.0,1,5,6,8,2,0,5,3,12,-26,1,25.263157894736842,22018,1610612745,HOU,Houston Rockets,0021800070,2018-10-26,HOU vs. LAC,L,239,113,38,98,0.388,15,41,0.366,22,25,0.88,16,26,42,21,11,7,13,27,-20.0
56,22018,101108,0021800035,"OCT 20, 2018",HOU @ LAL,W,30,9,17,0.529,3,6,0.5,7,9,0.778,2,5,7,10,1,0,3,2,28,13,1,16.0,22018,1610612745,HOU,Houston Rockets,0021800035,2018-10-20,HOU @ LAL,W,241,124,44,96,0.458,16,42,0.381,20,30,0.667,13,41,54,22,7,4,16,21,9.0
57,22018,101108,0021800009,"OCT 17, 2018",HOU vs. NOP,L,32,6,12,0.5,3,7,0.429,4,5,0.8,0,5,5,6,2,0,1,3,19,-19,1,32.91428571428571,22018,1610612745,HOU,Houston Rockets,0021800009,2018-10-17,HOU vs. NOP,L,240,112,39,92,0.424,16,48,0.333,18,24,0.75,8,29,37,21,8,7,11,22,-19.0
